3 2 0 | 1 0 0
2 1 0 | 0 1 0
0 3 -1| 0 0 1

L2 => (-3)*L2

-3 *vezes L2 

-6 -3 -3 | 0 -3 0

 3  2  0 | 1  0 0
-6 -3  0 | 0 -3 0
 0  3 -1 | 0  0 1

L2 => L2 + 2*L1

6  4  0  | 2 0 0
+L2
0  1  0  | 2 -3 0


3  2  0 | 1  0 0
0  1  0 | 2 -3 0
0  3 -1 | 0  0 1


L1 => L1 + (-2)*L2

             
3  0  0 |-3  6 0
0  1  0 | 2 -3 0
0  3 -1 | 0  0 1


L3 => L3 + (-3)*L2

3  0  0 |-3  6 0
0  1  0 | 2 -3 0
0  0 -1 |-6  9 1


L3 =>(-1)*L3

3  0  0 |-3  6  0
0  1  0 | 2 -3  0
0  0  1 | 6 -9 -1

L1 => 1/3 *L1


1  0  0 |-1  2  0
0  1  0 | 2 -3  0
0  0  1 | 6 -9 -1
matriz inversa